fx:3422.534704783
fy:3434.558430939
px:1938.846982102
py:1090.041763678
dist:-0.868471751,1.211923565,-0.005561306,-0.002552651,-0.999287636