fx:1748.083136703
fy:1763.748638769
px:1945.715277164
py:1073.871812274
dist:-0.255878627,0.085292948,-0.000366146,-0.000178433,-0.014083319