fx:1744.708418533
fy:1760.013809317
px:1944.836921597
py:1074.689638600
dist:-0.259561878,0.091645108,-0.000385849,-0.000135362,-0.016673122